"","species","numberOfOccurrences_bav","numberOfOccurrences_bw","numberOfOccurrences"
"1","Eriophorum vaginatum",7088,266,7354
"2","Fagus sylvatica",71348,11922,83270
"3","Plantago lanceolata",66498,6128,72626
"4","Poa pratensis",17563,1683,19246
"5","Poa trivialis",26042,2780,28822
"6","Ranunculus acris",57359,4408,61767
"7","Ranunculus bulbosus",17339,2870,20209
"8","Rumex acetosa",36184,4215,40399
"9","Veronica chamaedrys",41171,4226,45397
"10","Viola arvensis",15128,2007,17135
